Star,Kerb Weight,Active Bonnet,Lane Assist System,AEB Pedestrian,Center Airbag,Side Pelvis Airbag,Side Chest Airbag,Belt Pretensioner,Knee Airbag
1,1646,0,1,1,-1-1-1,110,110,111,00-1
1,2065,1,1,1,-1-1-1,110,110,110,00-1
1,2180,1,1,1,-1-1-1,000,110,111,000
1,1814,1,1,1,-1-1-1,110,110,111,000
1,1740,1,1,1,-1-1-1,111,111,111,11-1
1,1682,1,1,1,-1-1-1,110,110,111,00-1
1,1844,1,1,1,-1-1-1,110,110,111,000
1,1312,0,1,1,-1-1-1,110,110,111,000
0,1690,0,1,1,-1-1-1,110,110,111,000
1,1445,1,1,1,-1-1-1,110,110,111,10-1
1,2185,1,1,1,-1-1-1,110,110,111,10-1
1,1577,1,1,1,-1-1-1,110,110,111,000
1,1545,0,1,1,-1-1-1,000,110,111,000
0,1510,0,1,1,-1-1-1,000,110,111,000
0,1510,0,1,1,-1-1-1,000,110,111,000
0,1510,0,1,1,-1-1-1,000,110,111,000
0,1095,0,1,1,-1-1-1,110,110,111,00-1
0,940,0,0,0,-1-1-1,000,000,110,000
1,2090,1,1,1,-1-1-1,110,110,111,100
1,1635,1,1,1,-1-1-1,110,110,111,100
1,2040,1,1,1,-1-1-1,110,110,111,100
1,1530,1,1,1,-1-1-1,110,111,111,10-1
1,1243,0,1,1,-1-1-1,000,110,111,000
1,2220,0,1,1,-1-1-1,110,110,111,00-1
1,1314,0,1,1,-1-1-1,110,110,111,000
1,1489,0,1,1,-1-1-1,110,110,111,00-1
1,1212,0,1,1,-1-1-1,110,110,111,000
0,1164,0,1,0,-1-1-1,110,110,111,00-1
1,1316,0,1,1,-1-1-1,000,110,111,000
0,1164,0,1,0,-1-1-1,110,110,111,00-1
0,1164,0,1,0,-1-1-1,110,110,111,00-1
1,1480,1,1,1,-1-1-1,110,110,111,000
1,1852,0,1,1,-1-1-1,110,110,111,100
0,1484,0,1,0,-1-1-1,110,110,111,000
0,1216,0,1,1,-1-1-1,000,110,111,000
1,2162,1,1,1,-1-1-1,000,110,111,110
1,1243,0,1,1,-1-1-1,000,110,111,000
1,1678,0,1,1,-1-1-1,110,110,111,100
1,2460,1,1,1,-1-1-1,111,111,111,000
0,1709,0,1,0,-1-1-1,000,110,110,100
1,1313,0,1,1,-1-1-1,110,110,111,00-1
1,2518,0,1,1,-1-1-1,111,111,111,010
1,1420,0,1,1,-1-1-1,110,110,111,100
1,1555,1,1,1,-1-1-1,110,110,111,100
0,1055,0,1,1,-1-1-1,000,110,111,000
1,1530,1,1,1,-1-1-1,110,110,111,10-1
0,1906,0,1,1,-1-1-1,110,110,111,10-1
1,1105,0,1,1,-1-1-1,110,110,111,00-1
1,1495,1,1,1,-1-1-1,11-1,11-1,11-1,10-1
1,1312,0,1,1,-1-1-1,110,110,111,000
1,1395,0,1,1,-1-1-1,110,110,111,100
1,2495,0,1,1,-1-1-1,110,110,111,100
1,1728,0,1,1,-1-1-1,110,110,111,000
1,1156,0,1,1,-1-1-1,000,110,111,00-1
0,1199,0,1,0,-1-1-1,000,111,111,000
0,1240,0,1,0,-1-1-1,110,110,111,000
1,1405,0,1,1,-1-1-1,110,110,111,100
1,2235,0,1,1,-1-1-1,110,110,111,100
1,1760,0,1,1,-1-1-1,110,110,111,000
1,1138,0,1,1,-1-1-1,110,110,111,00-1
1,2565,0,1,1,-1-1-1,110,110,111,000
1,1580,0,1,1,-1-1-1,110,110,111,110
1,1346,0,1,1,-1-1-1,110,110,111,100
1,1400,0,1,1,-1-1-1,110,110,111,100
1,1730,0,1,1,-1-1-1,110,110,111,100
1,1204,0,1,1,-1-1-1,-1-1-1,110,111,00-1
0,1495,0,1,1,-1-1-1,000,110,111,000
1,1956,1,1,1,-1-1-1,000,110,111,000
1,1612,0,1,1,-1-1-1,000,110,111,000
1,2451,0,1,1,-1-1-1,110,110,111,110
1,1524,0,1,1,-1-1-1,000,110,111,100
1,1175,0,1,0,110,110,110,111,000
1,1294,0,1,0,110,110,110,111,00-1
1,1500,0,1,0,110,110,110,111,000
0,1513,1,1,0,000,000,110,111,000
1,1294,0,1,0,110,110,110,111,00-1
1,1675,0,1,0,110,111,111,111,10-1
1,1175,0,1,0,110,110,110,111,000
1,1599,0,1,1,1-1-1,000,110,111,000
0,1230,0,1,0,000,110,110,111,00-1
0,1111,0,0,0,000,110,110,111,000
1,1767,0,1,0,11-1,000,110,111,000
1,2573,1,1,0,11-1,000,111,111,00-1
0,970,0,0,0,00-1,000,110,111,000
0,1328,0,1,0,00-1,000,110,111,000
1,1842,1,1,0,11-1,111,111,111,10-1
1,2020,1,1,0,11-1,11-1,11-1,111,10-1
1,2480,1,1,1,11-1,000,110,111,100
0,1840,0,1,0,11-1,110,110,111,000
1,1503,0,1,1,11-1,000,110,111,000
0,1563,0,0,0,00-1,000,110,110,00-1
1,1199,0,1,0,00-1,110,110,111,000
1,2103,1,1,1,11-1,110,111,111,100
0,1230,0,1,0,000,110,110,111,000
1,1633,0,1,0,110,110,110,111,000
1,1270,0,1,0,-1-1-1,110,110,111,00-1
1,2435,0,1,0,00-1,110,110,111,00-1
1,1649,0,1,1,000,110,110,111,10-1
1,1950,1,1,0,-10-1,110,110,111,100
0,1217,0,1,0,000,000,111,111,000
0,1305,0,1,0,000,000,110,111,00-1
1,1910,1,1,0,110,110,111,111,10-1
1,2070,0,1,0,110,11-1,111,111,10-1
1,1940,0,1,0,110,000,110,111,00-1
1,1362,0,1,0,110,110,110,111,00-1
1,2173,1,1,0,110,110,110,111,000
1,1589,1,1,0,11-1,110,110,111,00-1
1,1502,0,1,0,10-1,000,110,111,00-1
1,1502,0,1,0,1-1-1,000,110,111,00-1
1,1852,0,1,0,11-1,000,110,111,00-1
1,2532,0,1,0,00-1,110,110,111,11-1
1,1423,0,1,1,11-1,110,110,111,00-1
1,2434,0,1,0,00-1,110,110,111,00-1
1,2123,1,1,0,00-1,000,110,111,00-1
1,2124,0,1,1,11-1,110,110,111,10-1
1,2371,1,1,1,11-1,110,110,111,11-1
1,2410,0,1,0,11-1,110,110,111,00-1
1,2000,0,1,1,11-1,110,110,111,10-1
1,1685,1,1,0,00-1,110,110,111,00-1
1,2434,0,1,1,10-1,000,110,111,11-1
1,2384,0,1,0,10-1,000,110,111,00-1
0,1520,1,1,0,00-1,000,110,111,1-1-1
1,1315,0,1,0,11-1,000,110,111,10-1
0,1869,1,1,0,1-1-1,110,110,111,00-1
1,2100,0,1,1,11-1,110,110,111,00-1
1,1910,0,1,0,11-1,110,110,111,00-1
1,2030,0,1,0,11-1,000,110,111,10-1
1,2524,0,1,0,00-1,110,110,111,00-1
1,2727,0,1,0,00-1,110,110,111,00-1
1,2379,0,1,1,11-1,110,110,111,00-1
1,1820,0,1,1,10-1,000,110,111,000
1,1502,0,1,0,11-1,000,110,111,00-1
1,1820,0,1,1,11-1,110,110,111,00-1
1,2060,0,1,0,11-1,110,110,111,000
1,2095,1,1,1,10-1,110,110,111,000
1,2060,0,1,0,11-1,110,110,111,000
1,1500,0,1,0,11-1,11-1,11-1,111,10-1
1,2100,0,1,1,11-1,110,110,111,00-1
1,1521,1,1,0,11-1,110,110,111,00-1
1,1750,0,1,1,11-1,110,110,111,00-1
0,1600,0,1,0,11-1,110,110,111,00-1
1,1140,0,1,0,00-1,110,110,111,00-1
1,1079,0,1,0,00-1,110,110,111,00-1
0,1734,1,1,0,0-1-1,000,110,111,00-1
1,1580,0,1,1,11-1,110,110,111,00-1
1,2365,0,1,1,11-1,110,110,111,10-1
1,2081,0,1,0,11-1,111,111,111,10-1
1,1580,0,1,1,11-1,110,110,111,00-1
1,1979,0,1,1,11-1,110,110,111,00-1
1,2365,0,1,1,11-1,110,110,111,10-1
0,2050,0,1,1,00-1,000,110,111,00-1
1,1626,0,1,0,00-1,000,110,111,00-1
1,1782,0,1,0,11-1,000,110,111,00-1
1,1544,0,1,0,11-1,000,110,111,000
1,1544,0,1,0,11-1,000,110,111,000
0,990,0,1,0,00-1,11-1,110,111,00-1
1,2105,0,1,0,11-1,110,110,111,000
0,1330,0,1,0,00-1,000,110,111,00-1
0,1397,0,1,0,00-1,000,110,111,00-1
1,2149,0,1,0,11-1,110,110,111,100
1,2149,0,1,0,11-1,110,110,111,100
1,2050,0,1,0,11-1,000,110,111,00-1
0,1660,1,1,0,11-1,000,110,111,00-1
0,1389,0,1,0,00-1,000,110,111,00-1
0,1682,1,1,0,00-1,000,110,111,000
1,1810,0,1,0,1-1-1,11-1,11-1,111,10-1
1,1636,0,1,0,11-1,000,110,111,00-1
1,1158,0,1,0,11-1,110,110,111,00-1
1,1216,0,1,0,11-1,110,110,111,000
1,2345,1,1,0,10-1,110,110,111,00-1
1,2580,0,1,1,10-1,110,110,111,100
0,2520,0,1,1,10-1,000,111,111,110
1,2285,1,1,0,10-1,110,110,111,00-1
1,2210,0,1,1,10-1,000,110,111,000
1,1658,0,1,1,10-1,110,110,111,00-1
1,2091,0,1,1,10-1,111,111,111,000
1,2346,0,1,1,10-1,110,110,111,00-1
1,2170,0,1,1,10-1,110,110,111,00-1
0,1425,0,1,0,00-1,000,110,111,00-1
1,2889,0,1,1,10-1,110,110,111,000
0,1513,0,1,0,00-1,000,110,111,00-1
0,1449,0,1,0,00-1,110,110,111,00-1
0,1449,0,1,0,00-1,110,110,111,00-1
1,1835,0,1,0,10-1,110,110,111,00-1
1,2889,0,1,1,10-1,110,110,111,000
1,2206,0,1,1,11-1,111,111,111,100
1,1640,1,1,0,10-1,110,110,111,00-1
1,2330,1,1,0,10-1,000,110,111,00-1
0,1449,0,1,0,00-1,110,110,111,00-1
1,1775,0,1,1,10-1,110,110,111,00-1
1,2206,1,1,0,10-1,000,110,111,00-1
1,2023,0,1,1,10-1,000,110,111,00-1
0,1373,0,1,0,10-1,110,110,111,00-1
1,1575,0,1,1,10-1,110,110,111,00-1
0,1425,0,1,0,00-1,000,110,111,00-1
1,2400,0,1,1,10-1,110,110,111,000
1,2015,0,1,1,10-1,000,110,111,00-1
0,1552,0,1,0,00-1,110,110,111,00-1
0,1425,0,1,0,00-1,000,110,111,00-1
0,1425,0,1,0,00-1,000,110,111,00-1
1,1612,0,1,1,10-1,110,110,111,10-1
1,1612,0,1,1,10-1,110,110,111,10-1
1,2025,0,1,1,10-1,110,110,111,00-1
0,1422,0,1,0,00-1,000,110,111,00-1
1,2255,1,1,1,10-1,110,110,111,11-1
0,934,0,1,0,00-1,110,110,111,00-1
1,1618,0,1,1,10-1,110,110,111,10-1
1,1928,0,1,1,10-1,110,110,111,00-1
1,1618,0,1,1,10-1,110,110,111,10-1
0,2422,1,1,0,10-1,110,110,111,00-1
1,2239,0,1,1,10-1,110,110,111,00-1
1,1677,0,1,1,10-1,111,111,111,000
1,1930,0,1,1,10-1,000,111,111,00-1
1,2300,0,1,1,10-1,11-1,11-1,111,00-1
1,1463,0,1,0,11-1,110,110,111,10-1
1,1705,0,1,0,10-1,110,110,111,00-1
1,1976,1,1,0,10-1,110,110,111,00-1
1,2377,0,1,1,10-1,110,110,111,00-1
1,1790,0,1,1,10-1,110,110,111,10-1
1,1790,0,1,1,10-1,110,110,111,10-1
1,1797,0,1,0,10-1,110,110,111,00-1
0,1387,0,1,0,00-1,111,111,111,00-1
1,1790,0,1,1,10-1,110,110,111,10-1
1,2015,0,1,0,10-1,11-1,11-1,111,00-1
1,2180,1,1,1,10-1,110,110,111,00-1
1,1962,0,1,1,10-1,111,111,111,00-1
1,1346,0,1,0,10-1,000,110,111,00-1
1,2227,0,1,0,10-1,110,110,111,00-1
0,1238,0,1,0,00-1,110,110,111,00-1
1,2582,0,1,0,10-1,110,110,111,00-1
0,1285,1,1,0,10-1,110,111,111,10-1
1,2070,0,1,0,10-1,110,110,111,00-1
0,1541,1,1,0,10-1,111,111,111,00-1
1,1390,0,1,0,00-1,110,110,111,00-1
0,2104,0,1,0,00-1,110,110,111,00-1
1,2230,0,1,1,10-1,110,110,111,00-1
1,1467,0,1,1,10-1,11-1,11-1,111,00-1
1,2310,0,1,1,10-1,110,110,111,00-1
1,1820,0,1,1,10-1,110,110,111,00-1
1,1806,1,1,0,10-1,111,111,111,00-1
1,1300,1,1,0,10-1,111,111,111,00-1
1,2200,0,1,1,10-1,110,110,111,00-1
0,1799,0,1,0,00-1,110,110,111,10-1
1,2124,0,1,0,00-1,110,110,111,10-1
0,1799,0,1,0,00-1,110,110,111,10-1
1,2384,0,1,0,10-1,000,110,111,00-1
0,1790,0,1,1,10-1,110,110,111,10-1
0,1790,0,1,1,10-1,110,110,111,10-1
0,1373,0,1,0,10-1,110,110,111,00-1
0,1358,0,1,0,10-1,000,110,111,00-1
1,1820,0,1,1,10-1,110,110,111,00-1
1,2195,0,1,1,10-1,110,110,111,10-1
1,2230,0,1,1,10-1,111,111,111,00-1
1,2460,0,1,1,10-1,110,110,111,00-1
1,2030,0,1,1,10-1,110,110,111,00-1
0,2422,0,1,0,10-1,110,110,111,00-1
0,1790,0,1,0,10-1,110,110,111,00-1
1,1725,0,1,1,10-1,110,110,111,00-1
0,2104,0,1,0,00-1,110,110,111,00-1
0,2104,0,1,0,00-1,110,110,111,00-1
0,2104,0,1,0,00-1,110,110,111,00-1
1,1761,1,1,1,10-1,110,110,111,000
1,2245,1,1,0,10-1,110,110,111,00-1
1,1234,0,1,0,10-1,111,111,111,00-1
1,2225,0,1,1,10-1,111,111,111,00-1
1,1715,0,1,1,10-1,110,110,111,00-1
1,1809,0,1,1,10-1,110,110,111,10-1
1,2660,0,1,0,10-1,111,111,111,00-1
1,2260,0,1,0,10-1,110,110,111,00-1